/*--------------------------------*- C++ -*----------------------------------*\
| =========                 |                                                 |
| \\      /  F ield         | OpenFOAM: The Open Source CFD Toolbox           |
|  \\    /   O peration     | Version:  2212                                  |
|   \\  /    A nd           | Website:  www.openfoam.com                      |
|    \\/     M anipulation  |                                                 |
\*---------------------------------------------------------------------------*/
FoamFile
{
    version     2.0;
    format      ascii;
    arch        "LSB;label=32;scalar=64";
    note        "nPoints:13508  nCells:6528  nFaces:26336  nInternalFaces:12832";
    class       labelList;
    location    "constant/polyMesh";
    object      neighbour;
}
// * * * * * * * * * * * * * * * * * * * * * * * * * * * * * * * * * * * * * //


12832
(
1
72
2
73
3
74
4
75
5
76
6
77
7
78
8
79
9
80
10
81
11
82
12
83
13
84
14
85
15
86
16
87
17
88
18
89
19
90
20
91
21
92
22
93
23
94
24
95
25
96
26
97
27
98
28
99
29
100
30
101
31
102
32
103
33
104
34
105
35
106
36
107
37
108
38
109
39
110
40
111
41
112
42
113
43
114
44
115
45
116
46
117
47
118
48
119
49
120
50
121
51
122
52
123
53
124
54
125
55
126
56
127
57
128
58
129
59
130
60
131
61
132
62
133
63
134
64
135
65
136
66
137
67
138
68
139
69
140
70
141
71
142
143
73
144
74
145
75
146
76
147
77
148
78
149
79
150
80
151
81
152
82
153
83
154
84
155
85
156
86
157
87
158
88
159
89
160
90
161
91
162
92
163
93
164
94
165
95
166
96
167
97
168
98
169
99
170
100
171
101
172
102
173
103
174
104
175
105
176
106
177
107
178
108
179
109
180
110
181
111
182
112
183
113
184
114
185
115
186
116
187
117
188
118
189
119
190
120
191
121
192
122
193
123
194
124
195
125
196
126
197
127
198
128
199
129
200
130
201
131
202
132
203
133
204
134
205
135
206
136
207
137
208
138
209
139
210
140
211
141
212
142
213
143
214
215
145
216
146
217
147
218
148
219
149
220
150
221
151
222
152
223
153
224
154
225
155
226
156
227
157
228
158
229
159
230
160
231
161
232
162
233
163
234
164
235
165
236
166
237
167
238
168
239
169
240
170
241
171
242
172
243
173
244
174
245
175
246
176
247
177
248
178
249
179
250
180
251
181
252
182
253
183
254
184
255
185
256
186
257
187
258
188
259
189
260
190
261
191
262
192
263
193
264
194
265
195
266
196
267
197
268
198
269
199
270
200
271
201
272
202
273
203
274
204
275
205
276
206
277
207
278
208
279
209
280
210
281
211
282
212
283
213
284
214
285
215
286
287
217
288
218
289
219
290
220
291
221
292
222
293
223
294
224
295
225
296
226
297
227
298
228
299
229
300
230
301
231
302
232
303
233
304
234
305
235
306
236
307
237
308
238
309
239
310
240
311
241
312
242
313
243
314
244
315
245
316
246
317
247
318
248
319
249
320
250
321
251
322
252
323
253
324
254
325
255
326
256
327
257
328
258
329
259
330
260
331
261
332
262
333
263
334
264
335
265
336
266
337
267
338
268
339
269
340
270
341
271
342
272
343
273
344
274
345
275
346
276
347
277
348
278
349
279
350
280
351
281
352
282
353
283
354
284
355
285
356
286
357
287
358
359
289
360
290
361
291
362
292
363
293
364
294
365
295
366
296
367
297
368
298
369
299
370
300
371
301
372
302
373
303
374
304
375
305
376
306
377
307
378
308
379
309
380
310
381
311
382
312
383
313
384
314
385
315
386
316
387
317
388
318
389
319
390
320
391
321
392
322
393
323
394
324
395
325
396
326
397
327
398
328
399
329
400
330
401
331
402
332
403
333
404
334
405
335
406
336
407
337
408
338
409
339
410
340
411
341
412
342
413
343
414
344
415
345
416
346
417
347
418
348
419
349
420
350
421
351
422
352
423
353
424
354
425
355
426
356
427
357
428
358
429
359
430
431
361
432
362
433
363
434
364
435
365
436
366
437
367
438
368
439
369
440
370
441
371
442
372
443
373
444
374
445
375
446
376
447
377
448
378
449
379
450
380
451
381
452
382
453
383
454
384
455
385
456
386
457
387
458
388
459
389
460
390
461
391
462
392
463
393
464
394
465
395
466
396
467
397
468
398
469
399
470
400
471
401
472
402
473
403
474
404
475
405
476
406
477
407
478
408
479
409
480
410
481
411
482
412
483
413
484
414
485
415
486
416
487
417
488
418
489
419
490
420
491
421
492
422
493
423
494
424
495
425
496
426
497
427
498
428
499
429
500
430
501
431
502
503
433
504
434
505
435
506
436
507
437
508
438
509
439
510
440
511
441
512
442
513
443
514
444
515
445
516
446
517
447
518
448
519
449
520
450
521
451
522
452
523
453
524
454
525
455
526
456
527
457
528
458
529
459
530
460
531
461
532
462
533
463
534
464
535
465
536
466
537
467
538
468
539
469
540
470
541
471
542
472
543
473
544
474
545
475
546
476
547
477
548
478
549
479
550
480
551
481
552
482
553
483
554
484
555
485
556
486
557
487
558
488
559
489
560
490
561
491
562
492
563
493
564
494
565
495
566
496
567
497
568
498
569
499
570
500
571
501
572
502
573
503
574
575
505
576
506
577
507
578
508
579
509
580
510
581
511
582
512
583
513
584
514
585
515
586
516
587
517
588
518
589
519
590
520
591
521
592
522
593
523
594
524
595
525
596
526
597
527
598
528
599
529
600
530
601
531
602
532
603
533
604
534
605
535
606
536
607
537
608
538
609
539
610
540
611
541
612
542
613
543
614
544
615
545
616
546
617
547
618
548
619
549
620
550
621
551
622
552
623
553
624
554
625
555
626
556
627
557
628
558
629
559
630
560
631
561
632
562
633
563
634
564
635
565
636
566
637
567
638
568
639
569
640
570
641
571
642
572
643
573
644
574
645
575
646
647
577
648
578
649
579
650
580
651
581
652
582
653
583
654
584
655
585
656
586
657
587
658
588
659
589
660
590
661
591
662
592
663
593
664
594
665
595
666
596
667
597
668
598
669
599
670
600
671
601
672
602
673
603
674
604
675
605
676
606
677
607
678
608
679
609
680
610
681
611
682
612
683
613
684
614
685
615
686
616
687
617
688
618
689
619
690
620
691
621
692
622
693
623
694
624
695
625
696
626
697
627
698
628
699
629
700
630
701
631
702
632
703
633
704
634
705
635
706
636
707
637
708
638
709
639
710
640
711
641
712
642
713
643
714
644
715
645
716
646
717
647
718
719
649
720
650
721
651
722
652
723
653
724
654
725
655
726
656
727
657
728
658
729
659
730
660
731
661
732
662
733
663
734
664
735
665
736
666
737
667
738
668
739
669
740
670
741
671
742
672
743
673
744
674
745
675
746
676
747
677
748
678
749
679
750
680
751
681
752
682
753
683
754
684
755
685
756
686
757
687
758
688
759
689
760
690
761
691
762
692
763
693
764
694
765
695
766
696
767
697
768
698
769
699
770
700
771
701
772
702
773
703
774
704
775
705
776
706
777
707
778
708
779
709
780
710
781
711
782
712
783
713
784
714
785
715
786
716
787
717
788
718
789
719
790
791
721
792
722
793
723
794
724
795
725
796
726
797
727
798
728
799
729
800
730
801
731
802
732
803
733
804
734
805
735
806
736
807
737
808
738
809
739
810
740
811
741
812
742
813
743
814
744
815
745
816
746
817
747
818
748
819
749
820
750
821
751
822
752
823
753
824
754
825
755
826
756
827
757
828
758
829
759
830
760
831
761
832
762
833
763
834
764
835
765
836
766
837
767
838
768
839
769
840
770
841
771
842
772
843
773
844
774
845
775
846
776
847
777
848
778
849
779
850
780
851
781
852
782
853
783
854
784
855
785
856
786
857
787
858
788
859
789
860
790
861
791
862
863
793
864
794
865
795
866
796
867
797
868
798
869
799
870
800
871
801
872
802
873
803
874
804
875
805
876
806
877
807
878
808
879
809
880
810
881
811
882
812
883
813
884
814
885
815
886
816
887
817
888
818
889
819
890
820
891
821
892
822
893
823
894
824
895
825
896
826
897
827
898
828
899
829
900
830
901
831
902
832
903
833
904
834
905
835
906
836
907
837
908
838
909
839
910
840
911
841
912
842
913
843
914
844
915
845
916
846
917
847
918
848
919
849
920
850
921
851
922
852
923
853
924
854
925
855
926
856
927
857
928
858
929
859
930
860
931
861
932
862
933
863
934
935
865
936
866
937
867
938
868
939
869
940
870
941
871
942
872
943
873
944
874
945
875
946
876
947
877
948
878
949
879
950
880
951
881
952
882
953
883
954
884
955
885
956
886
957
887
958
888
959
889
960
890
961
891
962
892
963
893
964
894
965
895
966
896
967
897
968
898
969
899
970
900
971
901
972
902
973
903
974
904
975
905
976
906
977
907
978
908
979
909
980
910
981
911
982
912
983
913
984
914
985
915
986
916
987
917
988
918
989
919
990
920
991
921
992
922
993
923
994
924
995
925
996
926
997
927
998
928
999
929
1000
930
1001
931
1002
932
1003
933
1004
934
1005
935
1006
1007
937
1008
938
1009
939
1010
940
1011
941
1012
942
1013
943
1014
944
1015
945
1016
946
1017
947
1018
948
1019
949
1020
950
1021
951
1022
952
1023
953
1024
954
1025
955
1026
956
1027
957
1028
958
1029
959
1030
960
1031
961
1032
962
1033
963
1034
964
1035
965
1036
966
1037
967
1038
968
1039
969
1040
970
1041
971
1042
972
1043
973
1044
974
1045
975
1046
976
1047
977
1048
978
1049
979
1050
980
1051
981
1052
982
1053
983
1054
984
1055
985
1056
986
1057
987
1058
988
1059
989
1060
990
1061
991
1062
992
1063
993
1064
994
1065
995
1066
996
1067
997
1068
998
1069
999
1070
1000
1071
1001
1072
1002
1073
1003
1074
1004
1075
1005
1076
1006
1077
1007
1078
1079
1009
1080
1010
1081
1011
1082
1012
1083
1013
1084
1014
1085
1015
1086
1016
1087
1017
1088
1018
1089
1019
1090
1020
1091
1021
1092
1022
1093
1023
1094
1024
1095
1025
1096
1026
1097
1027
1098
1028
1099
1029
1100
1030
1101
1031
1102
1032
1103
1033
1104
1034
1105
1035
1106
1036
1107
1037
1108
1038
1109
1039
1110
1040
1111
1041
1112
1042
1113
1043
1114
1044
1115
1045
1116
1046
1117
1047
1118
1048
1119
1049
1120
1050
1121
1051
1122
1052
1123
1053
1124
1054
1125
1055
1126
1056
1127
1057
1128
1058
1129
1059
1130
1060
1131
1061
1132
1062
1133
1063
1134
1064
1135
1065
1136
1066
1137
1067
1138
1068
1139
1069
1140
1070
1141
1071
1142
1072
1143
1073
1144
1074
1145
1075
1146
1076
1147
1077
1148
1078
1149
1079
1150
1151
1081
1152
1082
1153
1083
1154
1084
1155
1085
1156
1086
1157
1087
1158
1088
1159
1089
1160
1090
1161
1091
1162
1092
1163
1093
1164
1094
1165
1095
1166
1096
1167
1097
1168
1098
1169
1099
1170
1100
1171
1101
1172
1102
1173
1103
1174
1104
1175
1105
1176
1106
1177
1107
1178
1108
1179
1109
1180
1110
1181
1111
1182
1112
1183
1113
1184
1114
1185
1115
1186
1116
1187
1117
1188
1118
1189
1119
1190
1120
1191
1121
1192
1122
1193
1123
1194
1124
1195
1125
1196
1126
1197
1127
1198
1128
1199
1129
1200
1130
1201
1131
1202
1132
1203
1133
1204
1134
1205
1135
1206
1136
1207
1137
1208
1138
1209
1139
1210
1140
1211
1141
1212
1142
1213
1143
1214
1144
1215
1145
1216
1146
1217
1147
1218
1148
1219
1149
1220
1150
1221
1151
1222
1223
1153
1224
1154
1225
1155
1226
1156
1227
1157
1228
1158
1229
1159
1230
1160
1231
1161
1232
1162
1233
1163
1234
1164
1235
1165
1236
1166
1237
1167
1238
1168
1239
1169
1240
1170
1241
1171
1242
1172
1243
1173
1244
1174
1245
1175
1246
1176
1247
1177
1248
1178
1249
1179
1250
1180
1251
1181
1252
1182
1253
1183
1254
1184
1255
1185
1256
1186
1257
1187
1258
1188
1259
1189
1260
1190
1261
1191
1262
1192
1263
1193
1264
1194
1265
1195
1266
1196
1267
1197
1268
1198
1269
1199
1270
1200
1271
1201
1272
1202
1273
1203
1274
1204
1275
1205
1276
1206
1277
1207
1278
1208
1279
1209
1280
1210
1281
1211
1282
1212
1283
1213
1284
1214
1285
1215
1286
1216
1287
1217
1288
1218
1289
1219
1290
1220
1291
1221
1292
1222
1293
1223
1294
1295
1225
1296
1226
1297
1227
1298
1228
1299
1229
1300
1230
1301
1231
1302
1232
1303
1233
1304
1234
1305
1235
1306
1236
1307
1237
1308
1238
1309
1239
1310
1240
1311
1241
1312
1242
1313
1243
1314
1244
1315
1245
1316
1246
1317
1247
1318
1248
1319
1249
1320
1250
1321
1251
1322
1252
1323
1253
1324
1254
1325
1255
1326
1256
1327
1257
1328
1258
1329
1259
1330
1260
1331
1261
1332
1262
1333
1263
1334
1264
1335
1265
1336
1266
1337
1267
1338
1268
1339
1269
1340
1270
1341
1271
1342
1272
1343
1273
1344
1274
1345
1275
1346
1276
1347
1277
1348
1278
1349
1279
1350
1280
1351
1281
1352
1282
1353
1283
1354
1284
1355
1285
1356
1286
1357
1287
1358
1288
1359
1289
1360
1290
1361
1291
1362
1292
1363
1293
1364
1294
1365
1295
1366
1367
1297
1368
1298
1369
1299
1370
1300
1371
1301
1372
1302
1373
1303
1374
1304
1375
1305
1376
1306
1377
1307
1378
1308
1379
1309
1380
1310
1381
1311
1382
1312
1383
1313
1384
1314
1385
1315
1386
1316
1387
1317
1388
1318
1389
1319
1390
1320
1391
1321
1392
1322
1393
1323
1394
1324
1395
1325
1396
1326
1397
1327
1398
1328
1399
1329
1400
1330
1401
1331
1402
1332
1403
1333
1404
1334
1405
1335
1406
1336
1407
1337
1408
1338
1409
1339
1410
1340
1411
1341
1412
1342
1413
1343
1414
1344
1415
1345
1416
1346
1417
1347
1418
1348
1419
1349
1420
1350
1421
1351
1422
1352
1423
1353
1424
1354
1425
1355
1426
1356
1427
1357
1428
1358
1429
1359
1430
1360
1431
1361
1432
1362
1433
1363
1434
1364
1435
1365
1436
1366
1437
1367
1438
1439
1369
1440
1370
1441
1371
1442
1372
1443
1373
1444
1374
1445
1375
1446
1376
1447
1377
1448
1378
1449
1379
1450
1380
1451
1381
1452
1382
1453
1383
1454
1384
1455
1385
1456
1386
1457
1387
1458
1388
1459
1389
1460
1390
1461
1391
1462
1392
1463
1393
1464
1394
1465
1395
1466
1396
1467
1397
1468
1398
1469
1399
1470
1400
1471
1401
1472
1402
1473
1403
1474
1404
1475
1405
1476
1406
1477
1407
1478
1408
1479
1409
1480
1410
1481
1411
1482
1412
1483
1413
1484
1414
1485
1415
1486
1416
1487
1417
1488
1418
1489
1419
1490
1420
1491
1421
1492
1422
1493
1423
1494
1424
1495
1425
1496
1426
1497
1427
1498
1428
1499
1429
1500
1430
1501
1431
1502
1432
1503
1433
1504
1434
1505
1435
1506
1436
1507
1437
1508
1438
1509
1439
1510
1511
1441
1512
1442
1513
1443
1514
1444
1515
1445
1516
1446
1517
1447
1518
1448
1519
1449
1520
1450
1521
1451
1522
1452
1523
1453
1524
1454
1525
1455
1526
1456
1527
1457
1528
1458
1529
1459
1530
1460
1531
1461
1532
1462
1533
1463
1534
1464
1535
1465
1536
1466
1537
1467
1538
1468
1539
1469
1540
1470
1541
1471
1542
1472
1543
1473
1544
1474
1545
1475
1546
1476
1547
1477
1548
1478
1549
1479
1550
1480
1551
1481
1552
1482
1553
1483
1554
1484
1555
1485
1556
1486
1557
1487
1558
1488
1559
1489
1560
1490
1561
1491
1562
1492
1563
1493
1564
1494
1565
1495
1566
1496
1567
1497
1568
1498
1569
1499
1570
1500
1571
1501
1572
1502
1573
1503
1574
1504
1575
1505
1576
1506
1577
1507
1578
1508
1579
1509
1580
1510
1581
1511
1582
1583
1513
1584
1514
1585
1515
1586
1516
1587
1517
1588
1518
1589
1519
1590
1520
1591
1521
1592
1522
1593
1523
1594
1524
1595
1525
1596
1526
1597
1527
1598
1528
1599
1529
1600
1530
1601
1531
1602
1532
1603
1533
1604
1534
1605
1535
1606
1536
1607
1537
1608
1538
1609
1539
1610
1540
1611
1541
1612
1542
1613
1543
1614
1544
1615
1545
1616
1546
1617
1547
1618
1548
1619
1549
1620
1550
1621
1551
1622
1552
1623
1553
1624
1554
1625
1555
1626
1556
1627
1557
1628
1558
1629
1559
1630
1560
1631
1561
1632
1562
1633
1563
1634
1564
1635
1565
1636
1566
1637
1567
1638
1568
1639
1569
1640
1570
1641
1571
1642
1572
1643
1573
1644
1574
1645
1575
1646
1576
1647
1577
1648
1578
1649
1579
1650
1580
1651
1581
1652
1582
1653
1583
1654
1655
1585
1656
1586
1657
1587
1658
1588
1659
1589
1660
1590
1661
1591
1662
1592
1663
1593
1664
1594
1665
1595
1666
1596
1667
1597
1668
1598
1669
1599
1670
1600
1671
1601
1672
1602
1673
1603
1674
1604
1675
1605
1676
1606
1677
1607
1678
1608
1679
1609
1680
1610
1681
1611
1682
1612
1683
1613
1684
1614
1685
1615
1686
1616
1687
1617
1688
1618
1689
1619
1690
1620
1691
1621
1692
1622
1693
1623
1694
1624
1695
1625
1696
1626
1697
1627
1698
1628
1699
1629
1700
1630
1701
1631
1702
1632
1703
1633
1704
1634
1705
1635
1706
1636
1707
1637
1708
1638
1709
1639
1710
1640
1711
1641
1712
1642
1713
1643
1714
1644
1715
1645
1716
1646
1717
1647
1718
1648
1719
1649
1720
1650
1721
1651
1722
1652
1723
1653
1724
1654
1725
1655
1726
1727
1657
1728
1658
1729
1659
1730
1660
1731
1661
1732
1662
1733
1663
1734
1664
1735
1665
1736
1666
1737
1667
1738
1668
1739
1669
1740
1670
1741
1671
1742
1672
1743
1673
1744
1674
1745
1675
1746
1676
1747
1677
1748
1678
1749
1679
1750
1680
1751
1681
1752
1682
1753
1683
1754
1684
1755
1685
1756
1686
1757
1687
1758
1688
1759
1689
1760
1690
1761
1691
1762
1692
1763
1693
1764
1694
1765
1695
1766
1696
1767
1697
1768
1698
1769
1699
1770
1700
1771
1701
1772
1702
1773
1703
1774
1704
1775
1705
1776
1706
1777
1707
1778
1708
1779
1709
1780
1710
1781
1711
1782
1712
1783
1713
1784
1714
1785
1715
1786
1716
1787
1717
1788
1718
1789
1719
1790
1720
1791
1721
1792
1722
1793
1723
1794
1724
1795
1725
1796
1726
1797
1727
1798
1799
1729
1800
1730
1801
1731
1802
1732
1803
1733
1804
1734
1805
1735
1806
1736
1807
1737
1808
1738
1809
1739
1810
1740
1811
1741
1812
1742
1813
1743
1814
1744
1815
1745
1816
1746
1817
1747
1818
1748
1819
1749
1820
1750
1821
1751
1822
1752
1823
1753
1824
1754
1825
1755
1826
1756
1827
1757
1828
1758
1829
1759
1830
1760
1831
1761
1832
1762
1833
1763
1834
1764
1835
1765
1836
1766
1837
1767
1838
1768
1839
1769
1840
1770
1841
1771
1842
1772
1843
1773
1844
1774
1845
1775
1846
1776
1847
1777
1848
1778
1849
1779
1850
1780
1851
1781
1852
1782
1853
1783
1854
1784
1855
1785
1856
1786
1857
1787
1858
1788
1859
1789
1860
1790
1861
1791
1862
1792
1863
1793
1864
1794
1865
1795
1866
1796
1867
1797
1868
1798
1869
1799
1870
1871
1801
1872
1802
1873
1803
1874
1804
1875
1805
1876
1806
1877
1807
1878
1808
1879
1809
1880
1810
1881
1811
1882
1812
1883
1813
1884
1814
1885
1815
1886
1816
1887
1817
1888
1818
1889
1819
1890
1820
1891
1821
1892
1822
1893
1823
1894
1824
1895
1825
1896
1826
1897
1827
1898
1828
1899
1829
1900
1830
1901
1831
1902
1832
1903
1833
1904
1834
1905
1835
1906
1836
1907
1837
1908
1838
1909
1839
1910
1840
1911
1841
1912
1842
1913
1843
1914
1844
1915
1845
1916
1846
1917
1847
1918
1848
1919
1849
1920
1850
1921
1851
1922
1852
1923
1853
1924
1854
1925
1855
1926
1856
1927
1857
1928
1858
1929
1859
1930
1860
1931
1861
1932
1862
1933
1863
1934
1864
1935
1865
1936
1866
1937
1867
1938
1868
1939
1869
1940
1870
1941
1871
1942
1943
1873
1944
1874
1945
1875
1946
1876
1947
1877
1948
1878
1949
1879
1950
1880
1951
1881
1952
1882
1953
1883
1954
1884
1955
1885
1956
1886
1957
1887
1958
1888
1959
1889
1960
1890
1961
1891
1962
1892
1963
1893
1964
1894
1965
1895
1966
1896
1967
1897
1968
1898
1969
1899
1970
1900
1971
1901
1972
1902
1973
1903
1974
1904
1975
1905
1976
1906
1977
1907
1978
1908
1979
1909
1980
1910
1981
1911
1982
1912
1983
1913
1984
1914
1985
1915
1986
1916
1987
1917
1988
1918
1989
1919
1990
1920
1991
1921
1992
1922
1993
1923
1994
1924
1995
1925
1996
1926
1997
1927
1998
1928
1999
1929
2000
1930
2001
1931
2002
1932
2003
1933
2004
1934
2005
1935
2006
1936
2007
1937
2008
1938
2009
1939
2010
1940
2011
1941
2012
1942
2013
1943
2014
2015
1945
2016
1946
2017
1947
2018
1948
2019
1949
2020
1950
2021
1951
2022
1952
2023
1953
2024
1954
2025
1955
2026
1956
2027
1957
2028
1958
2029
1959
2030
1960
2031
1961
2032
1962
2033
1963
2034
1964
2035
1965
2036
1966
2037
1967
2038
1968
2039
1969
2040
1970
2041
1971
2042
1972
2043
1973
2044
1974
2045
1975
2046
1976
2047
1977
2048
1978
2049
1979
2050
1980
2051
1981
2052
1982
2053
1983
2054
1984
2055
1985
2056
1986
2057
1987
2058
1988
2059
1989
2060
1990
2061
1991
2062
1992
2063
1993
2064
1994
2065
1995
2066
1996
2067
1997
2068
1998
2069
1999
2070
2000
2071
2001
2072
2002
2073
2003
2074
2004
2075
2005
2076
2006
2077
2007
2078
2008
2079
2009
2080
2010
2081
2011
2082
2012
2083
2013
2084
2014
2085
2015
2086
2087
2017
2088
2018
2089
2019
2090
2020
2091
2021
2092
2022
2093
2023
2094
2024
2095
2025
2096
2026
2097
2027
2098
2028
2099
2029
2100
2030
2101
2031
2102
2032
2103
2033
2104
2034
2105
2035
2106
2036
2107
2037
2108
2038
2109
2039
2110
2040
2111
2041
2112
2042
2113
2043
2114
2044
2115
2045
2116
2046
2117
2047
2118
2048
2119
2049
2120
2050
2121
2051
2122
2052
2123
2053
2124
2054
2125
2055
2126
2056
2127
2057
2128
2058
2129
2059
2130
2060
2131
2061
2132
2062
2133
2063
2134
2064
2135
2065
2136
2066
2137
2067
2138
2068
2139
2069
2140
2070
2141
2071
2142
2072
2143
2073
2144
2074
2145
2075
2146
2076
2147
2077
2148
2078
2149
2079
2150
2080
2151
2081
2152
2082
2153
2083
2154
2084
2155
2085
2156
2086
2157
2087
2158
2159
2089
2160
2090
2161
2091
2162
2092
2163
2093
2164
2094
2165
2095
2166
2096
2167
2097
2168
2098
2169
2099
2170
2100
2171
2101
2172
2102
2173
2103
2174
2104
2175
2105
2176
2106
2177
2107
2178
2108
2179
2109
2180
2110
2181
2111
2182
2112
2183
2113
2184
2114
2185
2115
2186
2116
2187
2117
2188
2118
2189
2119
2190
2120
2191
2121
2192
2122
2193
2123
2194
2124
2195
2125
2196
2126
2197
2127
2198
2128
2199
2129
2200
2130
2201
2131
2202
2132
2203
2133
2204
2134
2205
2135
2206
2136
2207
2137
2208
2138
2209
2139
2210
2140
2211
2141
2212
2142
2213
2143
2214
2144
2215
2145
2216
2146
2217
2147
2218
2148
2219
2149
2220
2150
2221
2151
2222
2152
2223
2153
2224
2154
2225
2155
2226
2156
2227
2157
2228
2158
2229
2159
2230
2231
2161
2232
2162
2233
2163
2234
2164
2235
2165
2236
2166
2237
2167
2238
2168
2239
2169
2240
2170
2241
2171
2242
2172
2243
2173
2244
2174
2245
2175
2246
2176
2247
2177
2248
2178
2249
2179
2250
2180
2251
2181
2252
2182
2253
2183
2254
2184
2255
2185
2256
2186
2257
2187
2258
2188
2259
2189
2260
2190
2261
2191
2262
2192
2263
2193
2264
2194
2265
2195
2266
2196
2267
2197
2268
2198
2269
2199
2270
2200
2271
2201
2272
2202
2273
2203
2274
2204
2275
2205
2276
2206
2277
2207
2278
2208
2279
2209
2280
2210
2281
2211
2282
2212
2283
2213
2284
2214
2285
2215
2286
2216
2287
2217
2288
2218
2289
2219
2290
2220
2291
2221
2292
2222
2293
2223
2294
2224
2295
2225
2296
2226
2297
2227
2298
2228
2299
2229
2300
2230
2301
2231
2302
2303
2233
2304
2234
2305
2235
2306
2236
2307
2237
2308
2238
2309
2239
2310
2240
2311
2241
2312
2242
2313
2243
2314
2244
2315
2245
2316
2246
2317
2247
2318
2248
2319
2249
2320
2250
2321
2251
2322
2252
2323
2253
2324
2254
2325
2255
2326
2256
2327
2257
2328
2258
2329
2259
2330
2260
2331
2261
2332
2262
2333
2263
2334
2264
2335
2265
2336
2266
2337
2267
2338
2268
2339
2269
2340
2270
2341
2271
2342
2272
2343
2273
2344
2274
2345
2275
2346
2276
2347
2277
2348
2278
2349
2279
2350
2280
2351
2281
2352
2282
2353
2283
2354
2284
2355
2285
2356
2286
2357
2287
2358
2288
2359
2289
2360
2290
2361
2291
2362
2292
2363
2293
2364
2294
2365
2295
2366
2296
2367
2297
2368
2298
2369
2299
2370
2300
2371
2301
2372
2302
2373
2303
2374
2375
2305
2376
2306
2377
2307
2378
2308
2379
2309
2380
2310
2381
2311
2382
2312
2383
2313
2384
2314
2385
2315
2386
2316
2387
2317
2388
2318
2389
2319
2390
2320
2391
2321
2392
2322
2393
2323
2394
2324
2395
2325
2396
2326
2397
2327
2398
2328
2399
2329
2400
2330
2401
2331
2402
2332
2403
2333
2404
2334
2405
2335
2406
2336
2407
2337
2408
2338
2409
2339
2410
2340
2411
2341
2412
2342
2413
2343
2414
2344
2415
2345
2416
2346
2417
2347
2418
2348
2419
2349
2420
2350
2421
2351
2422
2352
2423
2353
2424
2354
2425
2355
2426
2356
2427
2357
2428
2358
2429
2359
2430
2360
2431
2361
2432
2362
2433
2363
2434
2364
2435
2365
2436
2366
2437
2367
2438
2368
2439
2369
2440
2370
2441
2371
2442
2372
2443
2373
2444
2374
2445
2375
2446
2447
2377
2448
2378
2449
2379
2450
2380
2451
2381
2452
2382
2453
2383
2454
2384
2455
2385
2456
2386
2457
2387
2458
2388
2459
2389
2460
2390
2461
2391
2462
2392
2463
2393
2464
2394
2465
2395
2466
2396
2467
2397
2468
2398
2469
2399
2470
2400
2471
2401
2472
2402
2473
2403
2474
2404
2475
2405
2476
2406
2477
2407
2478
2408
2479
2409
2480
2410
2481
2411
2482
2412
2483
2413
2484
2414
2485
2415
2486
2416
2487
2417
2488
2418
2489
2419
2490
2420
2491
2421
2492
2422
2493
2423
2494
2424
2495
2425
2496
2426
2497
2427
2498
2428
2499
2429
2500
2430
2501
2431
2502
2432
2503
2433
2504
2434
2505
2435
2506
2436
2507
2437
2508
2438
2509
2439
2510
2440
2511
2441
2512
2442
2513
2443
2514
2444
2515
2445
2516
2446
2517
2447
2518
2519
2449
2520
2450
2521
2451
2522
2452
2523
2453
2524
2454
2525
2455
2526
2456
2527
2457
2528
2458
2529
2459
2530
2460
2531
2461
2532
2462
2533
2463
2534
2464
2535
2465
2536
2466
2537
2467
2538
2468
2539
2469
2540
2470
2541
2471
2542
2472
2543
2473
2544
2474
2545
2475
2546
2476
2547
2477
2548
2478
2549
2479
2550
2480
2551
2481
2552
2482
2553
2483
2554
2484
2555
2485
2556
2486
2557
2487
2558
2488
2559
2489
2560
2490
2561
2491
2562
2492
2563
2493
2564
2494
2565
2495
2566
2496
2567
2497
2568
2498
2569
2499
2570
2500
2571
2501
2572
2502
2573
2503
2574
2504
2575
2505
2576
2506
2577
2507
2578
2508
2579
2509
2580
2510
2581
2511
2582
2512
2583
2513
2584
2514
2585
2515
2586
2516
2587
2517
2588
2518
2589
2519
2590
2591
2521
2592
2522
2593
2523
2594
2524
2595
2525
2596
2526
2597
2527
2598
2528
2599
2529
2600
2530
2601
2531
2602
2532
2603
2533
2604
2534
2605
2535
2606
2536
2607
2537
2608
2538
2609
2539
2610
2540
2611
2541
2612
2542
2613
2543
2614
2544
2615
2545
2616
2546
2617
2547
2618
2548
2619
2549
2620
2550
2621
2551
2622
2552
2623
2553
2624
2554
2625
2555
2626
2556
2627
2557
2628
2558
2629
2559
2630
2560
2631
2561
2632
2562
2633
2563
2634
2564
2635
2565
2636
2566
2637
2567
2638
2568
2639
2569
2640
2570
2641
2571
2642
2572
2643
2573
2644
2574
2645
2575
2646
2576
2647
2577
2648
2578
2649
2579
2650
2580
2651
2581
2652
2582
2653
2583
2654
2584
2655
2585
2656
2586
2657
2587
2658
2588
2659
2589
2660
2590
2661
2591
2662
2663
2593
2664
2594
2665
2595
2666
2596
2667
2597
2668
2598
2669
2599
2670
2600
2671
2601
2672
2602
2673
2603
2674
2604
2675
2605
2676
2606
2677
2607
2678
2608
2679
2609
2680
2610
2681
2611
2682
2612
2683
2613
2684
2614
2685
2615
2686
2616
2687
2617
2688
2618
2689
2619
2690
2620
2691
2621
2692
2622
2693
2623
2694
2624
2695
2625
2696
2626
2697
2627
2698
2628
2699
2629
2700
2630
2701
2631
2702
2632
2703
2633
2704
2634
2705
2635
2706
2636
2707
2637
2708
2638
2709
2639
2710
2640
2711
2641
2712
2642
2713
2643
2714
2644
2715
2645
2716
2646
2717
2647
2718
2648
2719
2649
2720
2650
2721
2651
2722
2652
2723
2653
2724
2654
2725
2655
2726
2656
2727
2657
2728
2658
2729
2659
2730
2660
2731
2661
2732
2662
2733
2663
2734
2735
2665
2736
2666
2737
2667
2738
2668
2739
2669
2740
2670
2741
2671
2742
2672
2743
2673
2744
2674
2745
2675
2746
2676
2747
2677
2748
2678
2749
2679
2750
2680
2751
2681
2752
2682
2753
2683
2754
2684
2755
2685
2756
2686
2757
2687
2758
2688
2759
2689
2760
2690
2761
2691
2762
2692
2763
2693
2764
2694
2765
2695
2766
2696
2767
2697
2768
2698
2769
2699
2770
2700
2771
2701
2772
2702
2773
2703
2774
2704
2775
2705
2776
2706
2777
2707
2778
2708
2779
2709
2780
2710
2781
2711
2782
2712
2783
2713
2784
2714
2785
2715
2786
2716
2787
2717
2788
2718
2789
2719
2790
2720
2791
2721
2792
2722
2793
2723
2794
2724
2795
2725
2796
2726
2797
2727
2798
2728
2799
2729
2800
2730
2801
2731
2802
2732
2803
2733
2804
2734
2805
2735
2806
2807
2737
2808
2738
2809
2739
2810
2740
2811
2741
2812
2742
2813
2743
2814
2744
2815
2745
2816
2746
2817
2747
2818
2748
2819
2749
2820
2750
2821
2751
2822
2752
2823
2753
2824
2754
2825
2755
2826
2756
2827
2757
2828
2758
2829
2759
2830
2760
2831
2761
2832
2762
2833
2763
2834
2764
2835
2765
2836
2766
2837
2767
2838
2768
2839
2769
2840
2770
2841
2771
2842
2772
2843
2773
2844
2774
2845
2775
2846
2776
2847
2777
2848
2778
2849
2779
2850
2780
2851
2781
2852
2782
2853
2783
2854
2784
2855
2785
2856
2786
2857
2787
2858
2788
2859
2789
2860
2790
2861
2791
2862
2792
2863
2793
2864
2794
2865
2795
2866
2796
2867
2797
2868
2798
2869
2799
2870
2800
2871
2801
2872
2802
2873
2803
2874
2804
2875
2805
2876
2806
2877
2807
2878
2879
2809
2880
2810
2881
2811
2882
2812
2883
2813
2884
2814
2885
2815
2886
2816
2887
2817
2888
2818
2889
2819
2890
2820
2891
2821
2892
2822
2893
2823
2894
2824
2895
2825
2896
2826
2897
2827
2898
2828
2899
2829
2900
2830
2901
2831
2902
2832
2903
2833
2904
2834
2905
2835
2906
2836
2907
2837
2908
2838
2909
2839
2910
2840
2911
2841
2912
2842
2913
2843
2914
2844
2915
2845
2916
2846
2917
2847
2918
2848
2919
2849
2920
2850
2921
2851
2922
2852
2923
2853
2924
2854
2925
2855
2926
2856
2927
2857
2928
2858
2929
2859
2930
2860
2931
2861
2932
2862
2933
2863
2934
2864
2935
2865
2936
2866
2937
2867
2938
2868
2939
2869
2940
2870
2941
2871
2942
2872
2943
2873
2944
2874
2945
2875
2946
2876
2947
2877
2948
2878
2949
2879
2950
2951
2881
2952
2882
2953
2883
2954
2884
2955
2885
2956
2886
2957
2887
2958
2888
2959
2889
2960
2890
2961
2891
2962
2892
2963
2893
2964
2894
2965
2895
2966
2896
2967
2897
2968
2898
2969
2899
2970
2900
2971
2901
2972
2902
2973
2903
2974
2904
2975
2905
2976
2906
2977
2907
2978
2908
2979
2909
2980
2910
2981
2911
2982
2912
2983
2913
2984
2914
2985
2915
2986
2916
2987
2917
2988
2918
2989
2919
2990
2920
2991
2921
2992
2922
2993
2923
2994
2924
2995
2925
2996
2926
2997
2927
2998
2928
2999
2929
3000
2930
3001
2931
3002
2932
3003
2933
3004
2934
3005
2935
3006
2936
3007
2937
3008
2938
3009
2939
3010
2940
3011
2941
3012
2942
3013
2943
3014
2944
3015
2945
3016
2946
3017
2947
3018
2948
3019
2949
3020
2950
3021
2951
3022
3023
2953
3024
2954
3025
2955
3026
2956
3027
2957
3028
2958
3029
2959
3030
2960
3031
2961
3032
2962
3033
2963
3034
2964
3035
2965
3036
2966
3037
2967
3038
2968
3039
2969
3040
2970
3041
2971
3042
2972
3043
2973
3044
2974
3045
2975
3046
2976
3047
2977
3048
2978
3049
2979
3050
2980
3051
2981
3052
2982
3053
2983
3054
2984
3055
2985
3056
2986
3057
2987
3058
2988
3059
2989
3060
2990
3061
2991
3062
2992
3063
2993
3064
2994
3065
2995
3066
2996
3067
2997
3068
2998
3069
2999
3070
3000
3071
3001
3072
3002
3073
3003
3074
3004
3075
3005
3076
3006
3077
3007
3078
3008
3079
3009
3080
3010
3081
3011
3082
3012
3083
3013
3084
3014
3085
3015
3086
3016
3087
3017
3088
3018
3089
3019
3090
3020
3091
3021
3092
3022
3093
3023
3094
3095
3025
3096
3026
3097
3027
3098
3028
3099
3029
3100
3030
3101
3031
3102
3032
3103
3033
3104
3034
3105
3035
3106
3036
3107
3037
3108
3038
3109
3039
3110
3040
3111
3041
3112
3042
3113
3043
3114
3044
3115
3045
3116
3046
3117
3047
3118
3048
3119
3049
3120
3050
3121
3051
3122
3052
3123
3053
3124
3054
3125
3055
3126
3056
3127
3057
3128
3058
3129
3059
3130
3060
3131
3061
3132
3062
3133
3063
3134
3064
3135
3065
3136
3066
3137
3067
3138
3068
3139
3069
3140
3070
3141
3071
3142
3072
3143
3073
3144
3074
3145
3075
3146
3076
3147
3077
3148
3078
3149
3079
3150
3080
3151
3081
3152
3082
3153
3083
3154
3084
3155
3085
3156
3086
3157
3087
3158
3088
3159
3089
3160
3090
3161
3091
3162
3092
3163
3093
3164
3094
3165
3095
3166
3167
3097
3168
3098
3169
3099
3170
3100
3171
3101
3172
3102
3173
3103
3174
3104
3175
3105
3176
3106
3177
3107
3178
3108
3179
3109
3180
3110
3181
3111
3182
3112
3183
3113
3184
3114
3185
3115
3186
3116
3187
3117
3188
3118
3189
3119
3190
3120
3191
3121
3192
3122
3193
3123
3194
3124
3195
3125
3196
3126
3197
3127
3198
3128
3199
3129
3200
3130
3201
3131
3202
3132
3203
3133
3204
3134
3205
3135
3206
3136
3207
3137
3208
3138
3209
3139
3210
3140
3211
3141
3212
3142
3213
3143
3214
3144
3215
3145
3216
3146
3217
3147
3218
3148
3219
3149
3220
3150
3221
3151
3222
3152
3223
3153
3224
3154
3225
3155
3226
3156
3227
3157
3228
3158
3229
3159
3230
3160
3231
3161
3232
3162
3233
3163
3234
3164
3235
3165
3236
3166
3237
3167
3238
3239
3169
3240
3170
3241
3171
3242
3172
3243
3173
3244
3174
3245
3175
3246
3176
3247
3177
3248
3178
3249
3179
3250
3180
3251
3181
3252
3182
3253
3183
3254
3184
3255
3185
3256
3186
3257
3187
3258
3188
3259
3189
3260
3190
3261
3191
3262
3192
3263
3193
3264
3194
3265
3195
3266
3196
3267
3197
3268
3198
3269
3199
3270
3200
3271
3201
3272
3202
3273
3203
3274
3204
3275
3205
3276
3206
3277
3207
3278
3208
3279
3209
3280
3210
3281
3211
3282
3212
3283
3213
3284
3214
3285
3215
3286
3216
3287
3217
3288
3218
3289
3219
3290
3220
3291
3221
3292
3222
3293
3223
3294
3224
3295
3225
3296
3226
3297
3227
3298
3228
3299
3229
3300
3230
3301
3231
3302
3232
3303
3233
3304
3234
3305
3235
3306
3236
3307
3237
3308
3238
3309
3239
3310
3311
3241
3312
3242
3313
3243
3314
3244
3315
3245
3316
3246
3317
3247
3318
3248
3319
3249
3320
3250
3321
3251
3322
3252
3323
3253
3324
3254
3325
3255
3326
3256
3327
3257
3328
3258
3329
3259
3330
3260
3331
3261
3332
3262
3333
3263
3334
3264
3335
3265
3336
3266
3337
3267
3338
3268
3339
3269
3340
3270
3341
3271
3342
3272
3343
3273
3344
3274
3345
3275
3346
3276
3347
3277
3348
3278
3349
3279
3350
3280
3351
3281
3352
3282
3353
3283
3354
3284
3355
3285
3356
3286
3357
3287
3358
3288
3359
3289
3360
3290
3361
3291
3362
3292
3363
3293
3364
3294
3365
3295
3366
3296
3367
3297
3368
3298
3369
3299
3370
3300
3371
3301
3372
3302
3373
3303
3374
3304
3375
3305
3376
3306
3377
3307
3378
3308
3379
3309
3380
3310
3381
3311
3382
3383
3313
3384
3314
3385
3315
3386
3316
3387
3317
3388
3318
3389
3319
3390
3320
3391
3321
3392
3322
3393
3323
3394
3324
3395
3325
3396
3326
3397
3327
3398
3328
3399
3329
3400
3330
3401
3331
3402
3332
3403
3333
3404
3334
3405
3335
3406
3336
3407
3337
3408
3338
3409
3339
3410
3340
3411
3341
3412
3342
3413
3343
3414
3344
3415
3345
3416
3346
3417
3347
3418
3348
3419
3349
3420
3350
3421
3351
3422
3352
3423
3353
3424
3354
3425
3355
3426
3356
3427
3357
3428
3358
3429
3359
3430
3360
3431
3361
3432
3362
3433
3363
3434
3364
3435
3365
3436
3366
3437
3367
3438
3368
3439
3369
3440
3370
3441
3371
3442
3372
3443
3373
3444
3374
3445
3375
3446
3376
3447
3377
3448
3378
3449
3379
3450
3380
3451
3381
3452
3382
3453
3383
3454
3455
3385
3456
3386
3457
3387
3458
3388
3459
3389
3460
3390
3461
3391
3462
3392
3463
3393
3464
3394
3465
3395
3466
3396
3467
3397
3468
3398
3469
3399
3470
3400
3471
3401
3472
3402
3473
3403
3474
3404
3475
3405
3476
3406
3477
3407
3478
3408
3479
3409
3480
3410
3481
3411
3482
3412
3483
3413
3484
3414
3485
3415
3486
3416
3487
3417
3488
3418
3489
3419
3490
3420
3491
3421
3492
3422
3493
3423
3494
3424
3495
3425
3496
3426
3497
3427
3498
3428
3499
3429
3500
3430
3501
3431
3502
3432
3503
3433
3504
3434
3505
3435
3506
3436
3507
3437
3508
3438
3509
3439
3510
3440
3511
3441
3512
3442
3513
3443
3514
3444
3515
3445
3516
3446
3517
3447
3518
3448
3519
3449
3520
3450
3521
3451
3522
3452
3523
3453
3524
3454
3525
3455
3526
3527
3457
3528
3458
3529
3459
3530
3460
3531
3461
3532
3462
3533
3463
3534
3464
3535
3465
3536
3466
3537
3467
3538
3468
3539
3469
3540
3470
3541
3471
3542
3472
3543
3473
3544
3474
3545
3475
3546
3476
3547
3477
3548
3478
3549
3479
3550
3480
3551
3481
3552
3482
3553
3483
3554
3484
3555
3485
3556
3486
3557
3487
3558
3488
3559
3489
3560
3490
3561
3491
3562
3492
3563
3493
3564
3494
3565
3495
3566
3496
3567
3497
3568
3498
3569
3499
3570
3500
3571
3501
3572
3502
3573
3503
3574
3504
3575
3505
3576
3506
3577
3507
3578
3508
3579
3509
3580
3510
3581
3511
3582
3512
3583
3513
3584
3514
3585
3515
3586
3516
3587
3517
3588
3518
3589
3519
3590
3520
3591
3521
3592
3522
3593
3523
3594
3524
3595
3525
3596
3526
3597
3527
3598
3599
3529
3600
3530
3601
3531
3602
3532
3603
3533
3604
3534
3605
3535
3606
3536
3607
3537
3608
3538
3609
3539
3610
3540
3611
3541
3612
3542
3613
3543
3614
3544
3615
3545
3616
3546
3617
3547
3618
3548
3619
3549
3620
3550
3621
3551
3622
3552
3623
3553
3624
3554
3625
3555
3626
3556
3627
3557
3628
3558
3629
3559
3630
3560
3631
3561
3632
3562
3633
3563
3634
3564
3635
3565
3636
3566
3637
3567
3638
3568
3639
3569
3640
3570
3641
3571
3642
3572
3643
3573
3644
3574
3645
3575
3646
3576
3647
3577
3648
3578
3649
3579
3650
3580
3651
3581
3652
3582
3653
3583
3654
3584
3655
3585
3656
3586
3657
3587
3658
3588
3659
3589
3660
3590
3661
3591
3662
3592
3663
3593
3664
3594
3665
3595
3666
3596
3667
3597
3668
3598
3669
3599
3670
3671
3601
3672
3602
3673
3603
3674
3604
3675
3605
3676
3606
3677
3607
3678
3608
3679
3609
3680
3610
3681
3611
3682
3612
3683
3613
3684
3614
3685
3615
3686
3616
3687
3617
3688
3618
3689
3619
3690
3620
3691
3621
3692
3622
3693
3623
3694
3624
3695
3625
3696
3626
3697
3627
3698
3628
3699
3629
3700
3630
3701
3631
3702
3632
3703
3633
3704
3634
3705
3635
3706
3636
3707
3637
3708
3638
3709
3639
3710
3640
3711
3641
3712
3642
3713
3643
3714
3644
3715
3645
3716
3646
3717
3647
3718
3648
3719
3649
3720
3650
3721
3651
3722
3652
3723
3653
3724
3654
3725
3655
3726
3656
3727
3657
3728
3658
3729
3659
3730
3660
3731
3661
3732
3662
3733
3663
3734
3664
3735
3665
3736
3666
3737
3667
3738
3668
3739
3669
3740
3670
3741
3671
3742
3743
3673
3744
3674
3745
3675
3746
3676
3747
3677
3748
3678
3749
3679
3750
3680
3751
3681
3752
3682
3753
3683
3754
3684
3755
3685
3756
3686
3757
3687
3758
3688
3759
3689
3760
3690
3761
3691
3762
3692
3763
3693
3764
3694
3765
3695
3766
3696
3767
3697
3768
3698
3769
3699
3770
3700
3771
3701
3772
3702
3773
3703
3774
3704
3775
3705
3776
3706
3777
3707
3778
3708
3779
3709
3780
3710
3781
3711
3782
3712
3783
3713
3784
3714
3785
3715
3786
3716
3787
3717
3788
3718
3789
3719
3790
3720
3791
3721
3792
3722
3793
3723
3794
3724
3795
3725
3796
3726
3797
3727
3798
3728
3799
3729
3800
3730
3801
3731
3802
3732
3803
3733
3804
3734
3805
3735
3806
3736
3807
3737
3808
3738
3809
3739
3810
3740
3811
3741
3812
3742
3813
3743
3814
3815
3745
3816
3746
3817
3747
3818
3748
3819
3749
3820
3750
3821
3751
3822
3752
3823
3753
3824
3754
3825
3755
3826
3756
3827
3757
3828
3758
3829
3759
3830
3760
3831
3761
3832
3762
3833
3763
3834
3764
3835
3765
3836
3766
3837
3767
3838
3768
3839
3769
3840
3770
3841
3771
3842
3772
3843
3773
3844
3774
3845
3775
3846
3776
3847
3777
3848
3778
3849
3779
3850
3780
3851
3781
3852
3782
3853
3783
3854
3784
3855
3785
3856
3786
3857
3787
3858
3788
3859
3789
3860
3790
3861
3791
3862
3792
3863
3793
3864
3794
3865
3795
3866
3796
3867
3797
3868
3798
3869
3799
3870
3800
3871
3801
3872
3802
3873
3803
3874
3804
3875
3805
3876
3806
3877
3807
3878
3808
3879
3809
3880
3810
3881
3811
3882
3812
3883
3813
3884
3814
3885
3815
3886
3887
3817
3888
3818
3889
3819
3890
3820
3891
3821
3892
3822
3893
3823
3894
3824
3895
3825
3896
3826
3897
3827
3898
3828
3899
3829
3900
3830
3901
3831
3902
3832
3903
3833
3904
3834
3905
3835
3906
3836
3907
3837
3908
3838
3909
3839
3910
3840
3911
3841
3912
3842
3913
3843
3914
3844
3915
3845
3916
3846
3917
3847
3918
3848
3919
3849
3920
3850
3921
3851
3922
3852
3923
3853
3924
3854
3925
3855
3926
3856
3927
3857
3928
3858
3929
3859
3930
3860
3931
3861
3932
3862
3933
3863
3934
3864
3935
3865
3936
3866
3937
3867
3938
3868
3939
3869
3940
3870
3941
3871
3942
3872
3943
3873
3944
3874
3945
3875
3946
3876
3947
3877
3948
3878
3949
3879
3950
3880
3951
3881
3952
3882
3953
3883
3954
3884
3955
3885
3956
3886
3957
3887
3958
3959
3889
3960
3890
3961
3891
3962
3892
3963
3893
3964
3894
3965
3895
3966
3896
3967
3897
3968
3898
3969
3899
3970
3900
3971
3901
3972
3902
3973
3903
3974
3904
3975
3905
3976
3906
3977
3907
3978
3908
3979
3909
3980
3910
3981
3911
3982
3912
3983
3913
3984
3914
3985
3915
3986
3916
3987
3917
3988
3918
3989
3919
3990
3920
3991
3921
3992
3922
3993
3923
3994
3924
3995
3925
3996
3926
3997
3927
3998
3928
3999
3929
4000
3930
4001
3931
4002
3932
4003
3933
4004
3934
4005
3935
4006
3936
4007
3937
4008
3938
4009
3939
4010
3940
4011
3941
4012
3942
4013
3943
4014
3944
4015
3945
4016
3946
4017
3947
4018
3948
4019
3949
4020
3950
4021
3951
4022
3952
4023
3953
4024
3954
4025
3955
4026
3956
4027
3957
4028
3958
4029
3959
4030
4031
3961
4032
3962
4033
3963
4034
3964
4035
3965
4036
3966
4037
3967
4038
3968
4039
3969
4040
3970
4041
3971
4042
3972
4043
3973
4044
3974
4045
3975
4046
3976
4047
3977
4048
3978
4049
3979
4050
3980
4051
3981
4052
3982
4053
3983
4054
3984
4055
3985
4056
3986
4057
3987
4058
3988
4059
3989
4060
3990
4061
3991
4062
3992
4063
3993
4064
3994
4065
3995
4066
3996
4067
3997
4068
3998
4069
3999
4070
4000
4071
4001
4072
4002
4073
4003
4074
4004
4075
4005
4076
4006
4077
4007
4078
4008
4079
4009
4080
4010
4081
4011
4082
4012
4083
4013
4084
4014
4085
4015
4086
4016
4087
4017
4088
4018
4089
4019
4090
4020
4091
4021
4092
4022
4093
4023
4094
4024
4095
4025
4096
4026
4097
4027
4098
4028
4099
4029
4100
4030
4101
4031
4102
4103
4033
4104
4034
4105
4035
4106
4036
4107
4037
4108
4038
4109
4039
4110
4040
4111
4041
4112
4042
4113
4043
4114
4044
4115
4045
4116
4046
4117
4047
4118
4048
4119
4049
4120
4050
4121
4051
4122
4052
4123
4053
4124
4054
4125
4055
4126
4056
4127
4057
4128
4058
4129
4059
4130
4060
4131
4061
4132
4062
4133
4063
4134
4064
4135
4065
4136
4066
4137
4067
4138
4068
4139
4069
4140
4070
4141
4071
4142
4072
4143
4073
4144
4074
4145
4075
4146
4076
4147
4077
4148
4078
4149
4079
4150
4080
4151
4081
4152
4082
4153
4083
4154
4084
4155
4085
4156
4086
4157
4087
4158
4088
4159
4089
4160
4090
4161
4091
4162
4092
4163
4093
4164
4094
4165
4095
4166
4096
4167
4097
4168
4098
4169
4099
4170
4100
4171
4101
4172
4102
4173
4103
4174
4175
4105
4176
4106
4177
4107
4178
4108
4179
4109
4180
4110
4181
4111
4182
4112
4183
4113
4184
4114
4185
4115
4186
4116
4187
4117
4188
4118
4189
4119
4190
4120
4191
4121
4192
4122
4193
4123
4194
4124
4195
4125
4196
4126
4197
4127
4198
4128
4199
4129
4200
4130
4201
4131
4202
4132
4203
4133
4204
4134
4205
4135
4206
4136
4207
4137
4208
4138
4209
4139
4210
4140
4211
4141
4212
4142
4213
4143
4214
4144
4215
4145
4216
4146
4217
4147
4218
4148
4219
4149
4220
4150
4221
4151
4222
4152
4223
4153
4224
4154
4225
4155
4226
4156
4227
4157
4228
4158
4229
4159
4230
4160
4231
4161
4232
4162
4233
4163
4234
4164
4235
4165
4236
4166
4237
4167
4238
4168
4239
4169
4240
4170
4241
4171
4242
4172
4243
4173
4244
4174
4245
4175
4246
4247
4177
4248
4178
4249
4179
4250
4180
4251
4181
4252
4182
4253
4183
4254
4184
4255
4185
4256
4186
4257
4187
4258
4188
4259
4189
4260
4190
4261
4191
4262
4192
4263
4193
4264
4194
4265
4195
4266
4196
4267
4197
4268
4198
4269
4199
4270
4200
4271
4201
4272
4202
4273
4203
4274
4204
4275
4205
4276
4206
4277
4207
4278
4208
4279
4209
4280
4210
4281
4211
4282
4212
4283
4213
4284
4214
4285
4215
4286
4216
4287
4217
4288
4218
4289
4219
4290
4220
4291
4221
4292
4222
4293
4223
4294
4224
4295
4225
4296
4226
4297
4227
4298
4228
4299
4229
4300
4230
4301
4231
4302
4232
4303
4233
4304
4234
4305
4235
4306
4236
4307
4237
4308
4238
4309
4239
4310
4240
4311
4241
4312
4242
4313
4243
4314
4244
4315
4245
4316
4246
4317
4247
4318
4319
4249
4320
4250
4321
4251
4322
4252
4323
4253
4324
4254
4325
4255
4326
4256
4327
4257
4328
4258
4329
4259
4330
4260
4331
4261
4332
4262
4333
4263
4334
4264
4335
4265
4336
4266
4337
4267
4338
4268
4339
4269
4340
4270
4341
4271
4342
4272
4343
4273
4344
4274
4345
4275
4346
4276
4347
4277
4348
4278
4349
4279
4350
4280
4351
4281
4352
4282
4353
4283
4354
4284
4355
4285
4356
4286
4357
4287
4358
4288
4359
4289
4360
4290
4361
4291
4362
4292
4363
4293
4364
4294
4365
4295
4366
4296
4367
4297
4368
4298
4369
4299
4370
4300
4371
4301
4372
4302
4373
4303
4374
4304
4375
4305
4376
4306
4377
4307
4378
4308
4379
4309
4380
4310
4381
4311
4382
4312
4383
4313
4384
4314
4385
4315
4386
4316
4387
4317
4388
4318
4389
4319
4390
4391
4321
4392
4322
4393
4323
4394
4324
4395
4325
4396
4326
4397
4327
4398
4328
4399
4329
4400
4330
4401
4331
4402
4332
4403
4333
4404
4334
4405
4335
4406
4336
4407
4337
4408
4338
4409
4339
4410
4340
4411
4341
4412
4342
4413
4343
4414
4344
4415
4345
4416
4346
4417
4347
4418
4348
4419
4349
4420
4350
4421
4351
4422
4352
4423
4353
4424
4354
4425
4355
4426
4356
4427
4357
4428
4358
4429
4359
4430
4360
4431
4361
4432
4362
4433
4363
4434
4364
4435
4365
4436
4366
4437
4367
4438
4368
4439
4369
4440
4370
4441
4371
4442
4372
4443
4373
4444
4374
4445
4375
4446
4376
4447
4377
4448
4378
4449
4379
4450
4380
4451
4381
4452
4382
4453
4383
4454
4384
4455
4385
4456
4386
4457
4387
4458
4388
4459
4389
4460
4390
4461
4391
4462
4463
4393
4464
4394
4465
4395
4466
4396
4467
4397
4468
4398
4469
4399
4470
4400
4471
4401
4472
4402
4473
4403
4474
4404
4475
4405
4476
4406
4477
4407
4478
4408
4479
4409
4480
4410
4481
4411
4482
4412
4483
4413
4484
4414
4485
4415
4486
4416
4487
4417
4488
4418
4489
4419
4490
4420
4491
4421
4492
4422
4493
4423
4494
4424
4495
4425
4496
4426
4497
4427
4498
4428
4499
4429
4500
4430
4501
4431
4502
4432
4503
4433
4504
4434
4505
4435
4506
4436
4507
4437
4508
4438
4509
4439
4510
4440
4511
4441
4512
4442
4513
4443
4514
4444
4515
4445
4516
4446
4517
4447
4518
4448
4519
4449
4520
4450
4521
4451
4522
4452
4523
4453
4524
4454
4525
4455
4526
4456
4527
4457
4528
4458
4529
4459
4530
4460
4531
4461
4532
4462
4533
4463
4534
4535
4465
4536
4466
4537
4467
4538
4468
4539
4469
4540
4470
4541
4471
4542
4472
4543
4473
4544
4474
4545
4475
4546
4476
4547
4477
4548
4478
4549
4479
4550
4480
4551
4481
4552
4482
4553
4483
4554
4484
4555
4485
4556
4486
4557
4487
4558
4488
4559
4489
4560
4490
4561
4491
4562
4492
4563
4493
4564
4494
4565
4495
4566
4496
4567
4497
4568
4498
4569
4499
4570
4500
4571
4501
4572
4502
4573
4503
4574
4504
4575
4505
4576
4506
4577
4507
4578
4508
4579
4509
4580
4510
4581
4511
4582
4512
4583
4513
4584
4514
4585
4515
4586
4516
4587
4517
4588
4518
4589
4519
4590
4520
4591
4521
4592
4522
4593
4523
4594
4524
4595
4525
4596
4526
4597
4527
4598
4528
4599
4529
4600
4530
4601
4531
4602
4532
4603
4533
4604
4534
4605
4535
4606
4607
4537
4608
4538
4609
4539
4610
4540
4611
4541
4612
4542
4613
4543
4614
4544
4615
4545
4616
4546
4617
4547
4618
4548
4619
4549
4620
4550
4621
4551
4622
4552
4623
4553
4624
4554
4625
4555
4626
4556
4627
4557
4628
4558
4629
4559
4630
4560
4631
4561
4632
4562
4633
4563
4634
4564
4635
4565
4636
4566
4637
4567
4638
4568
4639
4569
4640
4570
4641
4571
4642
4572
4643
4573
4644
4574
4645
4575
4646
4576
4647
4577
4648
4578
4649
4579
4650
4580
4651
4581
4652
4582
4653
4583
4654
4584
4655
4585
4656
4586
4657
4587
4658
4588
4659
4589
4660
4590
4661
4591
4662
4592
4663
4593
4664
4594
4665
4595
4666
4596
4667
4597
4668
4598
4669
4599
4670
4600
4671
4601
4672
4602
4673
4603
4674
4604
4675
4605
4676
4606
4677
4607
4678
4679
4609
4680
4610
4681
4611
4682
4612
4683
4613
4684
4614
4685
4615
4686
4616
4687
4617
4688
4618
4689
4619
4690
4620
4691
4621
4692
4622
4693
4623
4694
4624
4695
4625
4696
4626
4697
4627
4698
4628
4699
4629
4700
4630
4701
4631
4702
4632
4703
4633
4704
4634
4705
4635
4706
4636
4707
4637
4708
4638
4709
4639
4710
4640
4711
4641
4712
4642
4713
4643
4714
4644
4715
4645
4716
4646
4717
4647
4718
4648
4719
4649
4720
4650
4721
4651
4722
4652
4723
4653
4724
4654
4725
4655
4726
4656
4727
4657
4728
4658
4729
4659
4730
4660
4731
4661
4732
4662
4733
4663
4734
4664
4735
4665
4736
4666
4737
4667
4738
4668
4739
4669
4740
4670
4741
4671
4742
4672
4743
4673
4744
4674
4745
4675
4746
4676
4747
4677
4748
4678
4749
4679
4750
4751
4681
4752
4682
4753
4683
4754
4684
4755
4685
4756
4686
4757
4687
4758
4688
4759
4689
4760
4690
4761
4691
4762
4692
4763
4693
4764
4694
4765
4695
4766
4696
4767
4697
4768
4698
4769
4699
4770
4700
4771
4701
4772
4702
4773
4703
4774
4704
4775
4705
4776
4706
4777
4707
4778
4708
4779
4709
4780
4710
4781
4711
4782
4712
4783
4713
4784
4714
4785
4715
4786
4716
4787
4717
4788
4718
4789
4719
4790
4720
4791
4721
4792
4722
4793
4723
4794
4724
4795
4725
4796
4726
4797
4727
4798
4728
4799
4729
4800
4730
4801
4731
4802
4732
4803
4733
4804
4734
4805
4735
4806
4736
4807
4737
4808
4738
4809
4739
4810
4740
4811
4741
4812
4742
4813
4743
4814
4744
4815
4745
4816
4746
4817
4747
4818
4748
4819
4749
4820
4750
4821
4751
4822
4823
4753
4824
4754
4825
4755
4826
4756
4827
4757
4828
4758
4829
4759
4830
4760
4831
4761
4832
4762
4833
4763
4834
4764
4835
4765
4836
4766
4837
4767
4838
4768
4839
4769
4840
4770
4841
4771
4842
4772
4843
4773
4844
4774
4845
4775
4846
4776
4847
4777
4848
4778
4849
4779
4850
4780
4851
4781
4852
4782
4853
4783
4854
4784
4855
4785
4856
4786
4857
4787
4858
4788
4859
4789
4860
4790
4861
4791
4862
4792
4863
4793
4864
4794
4865
4795
4866
4796
4867
4797
4868
4798
4869
4799
4870
4800
4871
4801
4872
4802
4873
4803
4874
4804
4875
4805
4876
4806
4877
4807
4878
4808
4879
4809
4880
4810
4881
4811
4882
4812
4883
4813
4884
4814
4885
4815
4886
4816
4887
4817
4888
4818
4889
4819
4890
4820
4891
4821
4892
4822
4893
4823
4894
4895
4825
4896
4826
4897
4827
4898
4828
4899
4829
4900
4830
4901
4831
4902
4832
4903
4833
4904
4834
4905
4835
4906
4836
4907
4837
4908
4838
4909
4839
4910
4840
4911
4841
4912
4842
4913
4843
4914
4844
4915
4845
4916
4846
4917
4847
4918
4848
4919
4849
4920
4850
4921
4851
4922
4852
4923
4853
4924
4854
4925
4855
4926
4856
4927
4857
4928
4858
4929
4859
4930
4860
4931
4861
4932
4862
4933
4863
4934
4864
4935
4865
4936
4866
4937
4867
4938
4868
4939
4869
4940
4870
4941
4871
4942
4872
4943
4873
4944
4874
4945
4875
4946
4876
4947
4877
4948
4878
4949
4879
4950
4880
4951
4881
4952
4882
4953
4883
4954
4884
4955
4885
4956
4886
4957
4887
4958
4888
4959
4889
4960
4890
4961
4891
4962
4892
4963
4893
4964
4894
4965
4895
4966
4967
4897
4968
4898
4969
4899
4970
4900
4971
4901
4972
4902
4973
4903
4974
4904
4975
4905
4976
4906
4977
4907
4978
4908
4979
4909
4980
4910
4981
4911
4982
4912
4983
4913
4984
4914
4985
4915
4986
4916
4987
4917
4988
4918
4989
4919
4990
4920
4991
4921
4992
4922
4993
4923
4994
4924
4995
4925
4996
4926
4997
4927
4998
4928
4999
4929
5000
4930
5001
4931
5002
4932
5003
4933
5004
4934
5005
4935
5006
4936
5007
4937
5008
4938
5009
4939
5010
4940
5011
4941
5012
4942
5013
4943
5014
4944
5015
4945
5016
4946
5017
4947
5018
4948
5019
4949
5020
4950
5021
4951
5022
4952
5023
4953
5024
4954
5025
4955
5026
4956
5027
4957
5028
4958
5029
4959
5030
4960
5031
4961
5032
4962
5033
4963
5034
4964
5035
4965
5036
4966
5037
4967
5038
5039
4969
5040
4970
5041
4971
5042
4972
5043
4973
5044
4974
5045
4975
5046
4976
5047
4977
5048
4978
5049
4979
5050
4980
5051
4981
5052
4982
5053
4983
5054
4984
5055
4985
5056
4986
5057
4987
5058
4988
5059
4989
5060
4990
5061
4991
5062
4992
5063
4993
5064
4994
5065
4995
5066
4996
5067
4997
5068
4998
5069
4999
5070
5000
5071
5001
5072
5002
5073
5003
5074
5004
5075
5005
5076
5006
5077
5007
5078
5008
5079
5009
5080
5010
5081
5011
5082
5012
5083
5013
5084
5014
5085
5015
5086
5016
5087
5017
5088
5018
5089
5019
5090
5020
5091
5021
5092
5022
5093
5023
5094
5024
5095
5025
5096
5026
5097
5027
5098
5028
5099
5029
5100
5030
5101
5031
5102
5032
5103
5033
5104
5034
5105
5035
5106
5036
5107
5037
5108
5038
5109
5039
5110
5111
5041
5112
5042
5113
5043
5114
5044
5115
5045
5116
5046
5117
5047
5118
5048
5119
5049
5120
5050
5121
5051
5122
5052
5123
5053
5124
5054
5125
5055
5126
5056
5127
5057
5128
5058
5129
5059
5130
5060
5131
5061
5132
5062
5133
5063
5134
5064
5135
5065
5136
5066
5137
5067
5138
5068
5139
5069
5140
5070
5141
5071
5142
5072
5143
5073
5144
5074
5145
5075
5146
5076
5147
5077
5148
5078
5149
5079
5150
5080
5151
5081
5152
5082
5153
5083
5154
5084
5155
5085
5156
5086
5157
5087
5158
5088
5159
5089
5160
5090
5161
5091
5162
5092
5163
5093
5164
5094
5165
5095
5166
5096
5167
5097
5168
5098
5169
5099
5170
5100
5171
5101
5172
5102
5173
5103
5174
5104
5175
5105
5176
5106
5177
5107
5178
5108
5179
5109
5180
5110
5181
5111
5182
5183
5113
5114
5115
5116
5117
5118
5119
5120
5121
5122
5123
5124
5125
5126
5127
5128
5129
5130
5131
5132
5133
5134
5135
5136
5137
5138
5139
5140
5141
5142
5143
5144
5145
5146
5147
5148
5149
5150
5151
5152
5153
5154
5155
5156
5157
5158
5159
5160
5161
5162
5163
5164
5165
5166
5167
5168
5169
5170
5171
5172
5173
5174
5175
5176
5177
5178
5179
5180
5181
5182
5183
5185
5240
5186
5241
5187
5242
5188
5243
5189
5244
5190
5245
5191
5246
5192
5247
5193
5248
5194
5249
5195
5250
5196
5251
5197
5252
5198
5253
5199
5254
5200
5255
5201
5256
5202
5257
5203
5258
5204
5259
5205
5260
5206
5261
5207
5262
5208
5263
5209
5264
5210
5265
5211
5266
5212
5267
5213
5268
5214
5269
5215
5270
5216
5271
5217
5272
5218
5273
5219
5274
5220
5275
5221
5276
5222
5277
5223
5278
5224
5279
5225
5280
5226
5281
5227
5282
5228
5283
5229
5284
5230
5285
5231
5286
5232
5287
5233
5288
5234
5289
5235
5290
5236
5291
5237
5292
5238
5293
5239
5294
5295
5241
5296
5242
5297
5243
5298
5244
5299
5245
5300
5246
5301
5247
5302
5248
5303
5249
5304
5250
5305
5251
5306
5252
5307
5253
5308
5254
5309
5255
5310
5256
5311
5257
5312
5258
5313
5259
5314
5260
5315
5261
5316
5262
5317
5263
5318
5264
5319
5265
5320
5266
5321
5267
5322
5268
5323
5269
5324
5270
5325
5271
5326
5272
5327
5273
5328
5274
5329
5275
5330
5276
5331
5277
5332
5278
5333
5279
5334
5280
5335
5281
5336
5282
5337
5283
5338
5284
5339
5285
5340
5286
5341
5287
5342
5288
5343
5289
5344
5290
5345
5291
5346
5292
5347
5293
5348
5294
5349
5295
5350
5351
5297
5352
5298
5353
5299
5354
5300
5355
5301
5356
5302
5357
5303
5358
5304
5359
5305
5360
5306
5361
5307
5362
5308
5363
5309
5364
5310
5365
5311
5366
5312
5367
5313
5368
5314
5369
5315
5370
5316
5371
5317
5372
5318
5373
5319
5374
5320
5375
5321
5376
5322
5377
5323
5378
5324
5379
5325
5380
5326
5381
5327
5382
5328
5383
5329
5384
5330
5385
5331
5386
5332
5387
5333
5388
5334
5389
5335
5390
5336
5391
5337
5392
5338
5393
5339
5394
5340
5395
5341
5396
5342
5397
5343
5398
5344
5399
5345
5400
5346
5401
5347
5402
5348
5403
5349
5404
5350
5405
5351
5406
5407
5353
5408
5354
5409
5355
5410
5356
5411
5357
5412
5358
5413
5359
5414
5360
5415
5361
5416
5362
5417
5363
5418
5364
5419
5365
5420
5366
5421
5367
5422
5368
5423
5369
5424
5370
5425
5371
5426
5372
5427
5373
5428
5374
5429
5375
5430
5376
5431
5377
5432
5378
5433
5379
5434
5380
5435
5381
5436
5382
5437
5383
5438
5384
5439
5385
5440
5386
5441
5387
5442
5388
5443
5389
5444
5390
5445
5391
5446
5392
5447
5393
5448
5394
5449
5395
5450
5396
5451
5397
5452
5398
5453
5399
5454
5400
5455
5401
5456
5402
5457
5403
5458
5404
5459
5405
5460
5406
5461
5407
5462
5463
5409
5464
5410
5465
5411
5466
5412
5467
5413
5468
5414
5469
5415
5470
5416
5471
5417
5472
5418
5473
5419
5474
5420
5475
5421
5476
5422
5477
5423
5478
5424
5479
5425
5480
5426
5481
5427
5482
5428
5483
5429
5484
5430
5485
5431
5486
5432
5487
5433
5488
5434
5489
5435
5490
5436
5491
5437
5492
5438
5493
5439
5494
5440
5495
5441
5496
5442
5497
5443
5498
5444
5499
5445
5500
5446
5501
5447
5502
5448
5503
5449
5504
5450
5505
5451
5506
5452
5507
5453
5508
5454
5509
5455
5510
5456
5511
5457
5512
5458
5513
5459
5514
5460
5515
5461
5516
5462
5517
5463
5518
5519
5465
5520
5466
5521
5467
5522
5468
5523
5469
5524
5470
5525
5471
5526
5472
5527
5473
5528
5474
5529
5475
5530
5476
5531
5477
5532
5478
5533
5479
5534
5480
5535
5481
5536
5482
5537
5483
5538
5484
5539
5485
5540
5486
5541
5487
5542
5488
5543
5489
5544
5490
5545
5491
5546
5492
5547
5493
5548
5494
5549
5495
5550
5496
5551
5497
5552
5498
5553
5499
5554
5500
5555
5501
5556
5502
5557
5503
5558
5504
5559
5505
5560
5506
5561
5507
5562
5508
5563
5509
5564
5510
5565
5511
5566
5512
5567
5513
5568
5514
5569
5515
5570
5516
5571
5517
5572
5518
5573
5519
5574
5575
5521
5576
5522
5577
5523
5578
5524
5579
5525
5580
5526
5581
5527
5582
5528
5583
5529
5584
5530
5585
5531
5586
5532
5587
5533
5588
5534
5589
5535
5590
5536
5591
5537
5592
5538
5593
5539
5594
5540
5595
5541
5596
5542
5597
5543
5598
5544
5599
5545
5600
5546
5601
5547
5602
5548
5603
5549
5604
5550
5605
5551
5606
5552
5607
5553
5608
5554
5609
5555
5610
5556
5611
5557
5612
5558
5613
5559
5614
5560
5615
5561
5616
5562
5617
5563
5618
5564
5619
5565
5620
5566
5621
5567
5622
5568
5623
5569
5624
5570
5625
5571
5626
5572
5627
5573
5628
5574
5629
5575
5630
5631
5577
5632
5578
5633
5579
5634
5580
5635
5581
5636
5582
5637
5583
5638
5584
5639
5585
5640
5586
5641
5587
5642
5588
5643
5589
5644
5590
5645
5591
5646
5592
5647
5593
5648
5594
5649
5595
5650
5596
5651
5597
5652
5598
5653
5599
5654
5600
5655
5601
5656
5602
5657
5603
5658
5604
5659
5605
5660
5606
5661
5607
5662
5608
5663
5609
5664
5610
5665
5611
5666
5612
5667
5613
5668
5614
5669
5615
5670
5616
5671
5617
5672
5618
5673
5619
5674
5620
5675
5621
5676
5622
5677
5623
5678
5624
5679
5625
5680
5626
5681
5627
5682
5628
5683
5629
5684
5630
5685
5631
5686
5687
5633
5688
5634
5689
5635
5690
5636
5691
5637
5692
5638
5693
5639
5694
5640
5695
5641
5696
5642
5697
5643
5698
5644
5699
5645
5700
5646
5701
5647
5702
5648
5703
5649
5704
5650
5705
5651
5706
5652
5707
5653
5708
5654
5709
5655
5710
5656
5711
5657
5712
5658
5713
5659
5714
5660
5715
5661
5716
5662
5717
5663
5718
5664
5719
5665
5720
5666
5721
5667
5722
5668
5723
5669
5724
5670
5725
5671
5726
5672
5727
5673
5728
5674
5729
5675
5730
5676
5731
5677
5732
5678
5733
5679
5734
5680
5735
5681
5736
5682
5737
5683
5738
5684
5739
5685
5740
5686
5741
5687
5742
5743
5689
5744
5690
5745
5691
5746
5692
5747
5693
5748
5694
5749
5695
5750
5696
5751
5697
5752
5698
5753
5699
5754
5700
5755
5701
5756
5702
5757
5703
5758
5704
5759
5705
5760
5706
5761
5707
5762
5708
5763
5709
5764
5710
5765
5711
5766
5712
5767
5713
5768
5714
5769
5715
5770
5716
5771
5717
5772
5718
5773
5719
5774
5720
5775
5721
5776
5722
5777
5723
5778
5724
5779
5725
5780
5726
5781
5727
5782
5728
5783
5729
5784
5730
5785
5731
5786
5732
5787
5733
5788
5734
5789
5735
5790
5736
5791
5737
5792
5738
5793
5739
5794
5740
5795
5741
5796
5742
5797
5743
5798
5799
5745
5800
5746
5801
5747
5802
5748
5803
5749
5804
5750
5805
5751
5806
5752
5807
5753
5808
5754
5809
5755
5810
5756
5811
5757
5812
5758
5813
5759
5814
5760
5815
5761
5816
5762
5817
5763
5818
5764
5819
5765
5820
5766
5821
5767
5822
5768
5823
5769
5824
5770
5825
5771
5826
5772
5827
5773
5828
5774
5829
5775
5830
5776
5831
5777
5832
5778
5833
5779
5834
5780
5835
5781
5836
5782
5837
5783
5838
5784
5839
5785
5840
5786
5841
5787
5842
5788
5843
5789
5844
5790
5845
5791
5846
5792
5847
5793
5848
5794
5849
5795
5850
5796
5851
5797
5852
5798
5853
5799
5854
5855
5801
5856
5802
5857
5803
5858
5804
5859
5805
5860
5806
5861
5807
5862
5808
5863
5809
5864
5810
5865
5811
5866
5812
5867
5813
5868
5814
5869
5815
5870
5816
5871
5817
5872
5818
5873
5819
5874
5820
5875
5821
5876
5822
5877
5823
5878
5824
5879
5825
5880
5826
5881
5827
5882
5828
5883
5829
5884
5830
5885
5831
5886
5832
5887
5833
5888
5834
5889
5835
5890
5836
5891
5837
5892
5838
5893
5839
5894
5840
5895
5841
5896
5842
5897
5843
5898
5844
5899
5845
5900
5846
5901
5847
5902
5848
5903
5849
5904
5850
5905
5851
5906
5852
5907
5853
5908
5854
5909
5855
5910
5911
5857
5912
5858
5913
5859
5914
5860
5915
5861
5916
5862
5917
5863
5918
5864
5919
5865
5920
5866
5921
5867
5922
5868
5923
5869
5924
5870
5925
5871
5926
5872
5927
5873
5928
5874
5929
5875
5930
5876
5931
5877
5932
5878
5933
5879
5934
5880
5935
5881
5936
5882
5937
5883
5938
5884
5939
5885
5940
5886
5941
5887
5942
5888
5943
5889
5944
5890
5945
5891
5946
5892
5947
5893
5948
5894
5949
5895
5950
5896
5951
5897
5952
5898
5953
5899
5954
5900
5955
5901
5956
5902
5957
5903
5958
5904
5959
5905
5960
5906
5961
5907
5962
5908
5963
5909
5964
5910
5965
5911
5966
5967
5913
5968
5914
5969
5915
5970
5916
5971
5917
5972
5918
5973
5919
5974
5920
5975
5921
5976
5922
5977
5923
5978
5924
5979
5925
5980
5926
5981
5927
5982
5928
5983
5929
5984
5930
5985
5931
5986
5932
5987
5933
5988
5934
5989
5935
5990
5936
5991
5937
5992
5938
5993
5939
5994
5940
5995
5941
5996
5942
5997
5943
5998
5944
5999
5945
6000
5946
6001
5947
6002
5948
6003
5949
6004
5950
6005
5951
6006
5952
6007
5953
6008
5954
6009
5955
6010
5956
6011
5957
6012
5958
6013
5959
6014
5960
6015
5961
6016
5962
6017
5963
6018
5964
6019
5965
6020
5966
6021
5967
6022
6023
5969
6024
5970
6025
5971
6026
5972
6027
5973
6028
5974
6029
5975
6030
5976
6031
5977
6032
5978
6033
5979
6034
5980
6035
5981
6036
5982
6037
5983
6038
5984
6039
5985
6040
5986
6041
5987
6042
5988
6043
5989
6044
5990
6045
5991
6046
5992
6047
5993
6048
5994
6049
5995
6050
5996
6051
5997
6052
5998
6053
5999
6054
6000
6055
6001
6056
6002
6057
6003
6058
6004
6059
6005
6060
6006
6061
6007
6062
6008
6063
6009
6064
6010
6065
6011
6066
6012
6067
6013
6068
6014
6069
6015
6070
6016
6071
6017
6072
6018
6073
6019
6074
6020
6075
6021
6076
6022
6077
6023
6078
6079
6025
6080
6026
6081
6027
6082
6028
6083
6029
6084
6030
6085
6031
6086
6032
6087
6033
6088
6034
6089
6035
6090
6036
6091
6037
6092
6038
6093
6039
6094
6040
6095
6041
6096
6042
6097
6043
6098
6044
6099
6045
6100
6046
6101
6047
6102
6048
6103
6049
6104
6050
6105
6051
6106
6052
6107
6053
6108
6054
6109
6055
6110
6056
6111
6057
6112
6058
6113
6059
6114
6060
6115
6061
6116
6062
6117
6063
6118
6064
6119
6065
6120
6066
6121
6067
6122
6068
6123
6069
6124
6070
6125
6071
6126
6072
6127
6073
6128
6074
6129
6075
6130
6076
6131
6077
6132
6078
6133
6079
6134
6135
6081
6136
6082
6137
6083
6138
6084
6139
6085
6140
6086
6141
6087
6142
6088
6143
6089
6144
6090
6145
6091
6146
6092
6147
6093
6148
6094
6149
6095
6150
6096
6151
6097
6152
6098
6153
6099
6154
6100
6155
6101
6156
6102
6157
6103
6158
6104
6159
6105
6160
6106
6161
6107
6162
6108
6163
6109
6164
6110
6165
6111
6166
6112
6167
6113
6168
6114
6169
6115
6170
6116
6171
6117
6172
6118
6173
6119
6174
6120
6175
6121
6176
6122
6177
6123
6178
6124
6179
6125
6180
6126
6181
6127
6182
6128
6183
6129
6184
6130
6185
6131
6186
6132
6187
6133
6188
6134
6189
6135
6190
6191
6137
6192
6138
6193
6139
6194
6140
6195
6141
6196
6142
6197
6143
6198
6144
6199
6145
6200
6146
6201
6147
6202
6148
6203
6149
6204
6150
6205
6151
6206
6152
6207
6153
6208
6154
6209
6155
6210
6156
6211
6157
6212
6158
6213
6159
6214
6160
6215
6161
6216
6162
6217
6163
6218
6164
6219
6165
6220
6166
6221
6167
6222
6168
6223
6169
6224
6170
6225
6171
6226
6172
6227
6173
6228
6174
6229
6175
6230
6176
6231
6177
6232
6178
6233
6179
6234
6180
6235
6181
6236
6182
6237
6183
6238
6184
6239
6185
6240
6186
6241
6187
6242
6188
6243
6189
6244
6190
6245
6191
6246
6247
6193
6248
6194
6249
6195
6250
6196
6251
6197
6252
6198
6253
6199
6254
6200
6255
6201
6256
6202
6257
6203
6258
6204
6259
6205
6260
6206
6261
6207
6262
6208
6263
6209
6264
6210
6265
6211
6266
6212
6267
6213
6268
6214
6269
6215
6270
6216
6271
6217
6272
6218
6273
6219
6274
6220
6275
6221
6276
6222
6277
6223
6278
6224
6279
6225
6280
6226
6281
6227
6282
6228
6283
6229
6284
6230
6285
6231
6286
6232
6287
6233
6288
6234
6289
6235
6290
6236
6291
6237
6292
6238
6293
6239
6294
6240
6295
6241
6296
6242
6297
6243
6298
6244
6299
6245
6300
6246
6301
6247
6302
6303
6249
6304
6250
6305
6251
6306
6252
6307
6253
6308
6254
6309
6255
6310
6256
6311
6257
6312
6258
6313
6259
6314
6260
6315
6261
6316
6262
6317
6263
6318
6264
6319
6265
6320
6266
6321
6267
6322
6268
6323
6269
6324
6270
6325
6271
6326
6272
6327
6273
6328
6274
6329
6275
6330
6276
6331
6277
6332
6278
6333
6279
6334
6280
6335
6281
6336
6282
6337
6283
6338
6284
6339
6285
6340
6286
6341
6287
6342
6288
6343
6289
6344
6290
6345
6291
6346
6292
6347
6293
6348
6294
6349
6295
6350
6296
6351
6297
6352
6298
6353
6299
6354
6300
6355
6301
6356
6302
6357
6303
6358
6359
6305
6360
6306
6361
6307
6362
6308
6363
6309
6364
6310
6365
6311
6366
6312
6367
6313
6368
6314
6369
6315
6370
6316
6371
6317
6372
6318
6373
6319
6374
6320
6375
6321
6376
6322
6377
6323
6378
6324
6379
6325
6380
6326
6381
6327
6382
6328
6383
6329
6384
6330
6385
6331
6386
6332
6387
6333
6388
6334
6389
6335
6390
6336
6391
6337
6392
6338
6393
6339
6394
6340
6395
6341
6396
6342
6397
6343
6398
6344
6399
6345
6400
6346
6401
6347
6402
6348
6403
6349
6404
6350
6405
6351
6406
6352
6407
6353
6408
6354
6409
6355
6410
6356
6411
6357
6412
6358
6413
6359
6414
6415
6361
6416
6362
6417
6363
6418
6364
6419
6365
6420
6366
6421
6367
6422
6368
6423
6369
6424
6370
6425
6371
6426
6372
6427
6373
6428
6374
6429
6375
6430
6376
6431
6377
6432
6378
6433
6379
6434
6380
6435
6381
6436
6382
6437
6383
6438
6384
6439
6385
6440
6386
6441
6387
6442
6388
6443
6389
6444
6390
6445
6391
6446
6392
6447
6393
6448
6394
6449
6395
6450
6396
6451
6397
6452
6398
6453
6399
6454
6400
6455
6401
6456
6402
6457
6403
6458
6404
6459
6405
6460
6406
6461
6407
6462
6408
6463
6409
6464
6410
6465
6411
6466
6412
6467
6413
6468
6414
6469
6415
6470
6471
6417
6472
6418
6473
6419
6474
6420
6475
6421
6476
6422
6477
6423
6478
6424
6479
6425
6480
6426
6481
6427
6482
6428
6483
6429
6484
6430
6485
6431
6486
6432
6487
6433
6488
6434
6489
6435
6490
6436
6491
6437
6492
6438
6493
6439
6494
6440
6495
6441
6496
6442
6497
6443
6498
6444
6499
6445
6500
6446
6501
6447
6502
6448
6503
6449
6504
6450
6505
6451
6506
6452
6507
6453
6508
6454
6509
6455
6510
6456
6511
6457
6512
6458
6513
6459
6514
6460
6515
6461
6516
6462
6517
6463
6518
6464
6519
6465
6520
6466
6521
6467
6522
6468
6523
6469
6524
6470
6525
6471
6526
6527
6473
6474
6475
6476
6477
6478
6479
6480
6481
6482
6483
6484
6485
6486
6487
6488
6489
6490
6491
6492
6493
6494
6495
6496
6497
6498
6499
6500
6501
6502
6503
6504
6505
6506
6507
6508
6509
6510
6511
6512
6513
6514
6515
6516
6517
6518
6519
6520
6521
6522
6523
6524
6525
6526
6527
)


// ************************************************************************* //
